+918421527508
+919879252407
+919586403452
+917990729531
+918887519531
+917980714848
+917506109858
+917021496844
+919892033235
+916381219146
+916381738418
+919791364239
+918275168553
+919356814152
+918143892987
+919392638486
+917843065742
+917777062245
+919324371437
+917506243111
+918591961647
+919137374192
+918108090254
+918087458580
+918369974875
+918669663897
+919346545396
+917780631165
+919894694029
+916380135893
+917285810054
+918980431055
+918779889761
+917303014134
+918962044546
+918856866424
+919960172669
+917058783919
+918459372284
+919769580692
+919819326036
+919172470556
+919967406314
+916303087656
+918008164755
+917875127192
+918591043785
+917410176029
+918928859668
+919322978432
+917985464224
+919324577743
+918976171338
+918657825267
+917977730248
+917382995455
+917847003281
+919004667948
+917304012624
+917021722458
+919987029073
+918591009481
+918767660413
+919167254236
+919326562370
+919324124205
+917738062994
+917668311453
+918766700429
+919987580370
+917977876609
+917219256786
+919860566455
+919082717706
+919359367713
+918169521107
+919313619495
+919082413881
+918828303343
+918433591071
+918261926336
+918779969061
+919867745746
+918767953954
+919770605726
+916307151047
+917400282542
+918668689383
+917738848075
+918779641765
+918356819742
+917711004141
+919987949620
+919326780048
+917017256258
+919369802873
+918080306847
+919594230032
+919270745629
+918928759967
+919594531417
+919321841596
+918433646811
+919833871568
+919687979387
+919021746876
+917021754560
+918919746622
+919063041088
+919440449599
+919356522379
+918097706732
+919920373050
+918177943925
+916005907305
+919967589117
+919833506360
+917028639880
+917710870921
+919309222754
+919004253449
+918097339394
+919702869787
+917977321114
+918422058274
+919324713139
+917977113766
+918850097691
+918600748842
+918982376158
+919643723646
+918850094107
+918369532306
+919322063437
+918591573796
+917304921715
+917715825799
+918087665299
+919930782241
+919319824852
+919911122854
+919711906117
+917977854715
+918828296546
+919930769760
+917410565523
+919420453987
+918432370714
+919799904730
+919675738746
+919199687111